1, 769, 9564, 2090, 1714, 2154, 1990, 9940, 72, 843, 919, 3254, 6635, 6983, 9117, 1823, 6978, 7546, 8903, 927, 9111, 5208, 5613, 6159, 9107, 2246, 4002, 5153, 6057, 1570, 3796, 1146, 13, 3881, 4588, 8283, 6659, 2184, 9638, 9652, 4811, 9975, 3194, 3972, 3889, 6129, 9898, 3945, 2814, 1979
5, 3799, 4729, 3710, 5396, 5842, 768, 2127, 3397, 4161, 6530, 4249, 5602, 6896, 9390, 3967, 4802, 7487, 6917, 1564, 3373, 3694, 7948, 8642, 4755, 1089, 5984, 6844, 18, 6474, 5083, 5973, 6086, 9807, 221, 5103, 6766, 1157, 3285, 5368, 2246, 6162, 7604, 9358, 3796, 8533, 4053, 7654, 382, 4445, 5187, 121, 6659, 4502, 185, 6887, 8481, 2027, 559, 7280, 4662, 6710, 4137, 4960, 3634, 2228, 1728
30, 354, 534, 9072, 1749, 2546, 2887, 4265, 6072, 3326, 5320, 6000, 730, 9333, 1637, 1888, 8612, 1278, 7218, 9465, 140, 1503, 1632, 20, 6534, 6783, 1444, 274, 4379, 8425, 1564, 1854, 4426, 4853, 916, 373, 687, 9635, 5838, 8657, 9889, 1404, 18, 2409, 300, 3110, 4384, 7204, 8308, 9080, 1417, 4974, 552, 6086, 7809, 9920, 1675, 2421, 2762, 7808, 9789, 7202, 2707, 8136, 864, 873, 2531, 285, 3819, 6162, 6984, 7266, 7406, 9471, 1747, 1146, 5007, 7355, 1950, 3369, 4445, 9598, 1980, 2368, 1472, 7706, 8286, 970, 2713, 3530, 5330, 9675, 1805, 3137, 9030, 2737, 3944, 6110, 7917, 9245, 9640, 2937
600, 1173, 145, 3816, 4729, 8813, 5110, 3638, 8738, 4267, 5255, 6614, 6827, 3917, 7290, 963, 5250, 7487, 4879, 7122, 4835, 6707, 8288, 4617, 7568, 8271, 5358, 7248, 8841, 9550, 1781, 1603, 4950, 7605, 2981, 4069, 7833, 3042, 3099, 2132, 4625, 6353, 1221, 344, 1304, 508, 1492, 3275, 5000, 8681, 3326, 4493, 179, 251, 9994, 1341, 3634, 8583
5987, 3614, 4053, 5366, 633, 7355, 7654, 7863, 1217, 4500, 5396, 6869, 7431, 9330, 4936, 5210, 7115, 7322, 8598, 8947, 9971, 1888, 2337, 4766, 4937, 537, 6913, 8032, 9088, 7203, 7298, 9887, 1780, 2103, 3027, 3122, 3647, 3760, 426, 444, 6240, 8022, 9335, 9551, 9667, 9739, 1402, 1617, 2861, 3057, 3563, 4197, 4311, 5136, 5969, 6766, 8184, 935, 1293, 1990, 2524, 2551, 2634, 3475, 3556, 4470, 4786, 5640, 6753, 746, 8993, 3205, 503, 7748, 8433, 118, 1373, 1632, 1694, 3018, 3906, 4648, 4752, 4860, 5962, 6400, 6509, 7155, 7739, 886, 2089, 3671, 5813, 9563, 3019, 304, 4102, 4605, 7059, 7280, 7309, 7802, 7961, 8766, 887, 9578, 9718, 9826, 1915, 2011, 5087, 6103, 7377, 7496, 8642, 373, 5482, 5929, 8632, 9899, 1089, 1988, 2116, 2567, 3160, 3469, 3793, 4136, 554, 914, 9214, 983, 1013, 2148, 366, 3877, 4836, 4955, 5479, 54, 5839, 6687, 7402, 8542, 9523, 9530, 7935, 9928, 1583, 961, 2298, 4233, 8089, 9188, 8151, 7343
9999, 3988, 6288, 9330, 4529, 5904, 6826, 7681, 7158, 2604, 747, 4166, 8161, 1552, 476, 6917, 6083, 2469, 8939, 4781, 6710, 983, 5725, 6135, 7781, 1397, 9256, 1689, 6161, 6766, 7808, 419, 8961, 9597, 3253, 4667, 766, 9605, 4078, 4210, 5918, 892, 6970, 796, 9197, 1220, 2337, 4173, 6045, 6089, 9035, 1025, 3856, 2551, 3826, 1373, 3582, 5548, 6479, 9030, 1599, 8642, 25, 1616, 9713, 935, 6740, 6558, 5813
1432, 2341, 2600, 2723, 2958, 321, 3272, 4624, 4637, 6455, 6778, 8174, 9890, 3927, 4575, 5198, 6869, 777, 8698, 9200, 3902, 4503, 6299, 7700, 796, 2023, 2746, 7701, 8032, 8443, 9066, 9318, 2411, 3467, 4101, 4152, 4189, 4215, 4655, 5968, 772, 8848, 1446, 2814, 3185, 7963, 8306, 8492, 9943, 1492, 4921, 5355, 635, 781, 8482, 8864, 1358, 3231, 5404, 8515, 9615, 1357, 3742, 4255, 6129, 7904, 1381, 1752, 1778, 2098, 3219, 4386, 4755, 4896, 5077, 760, 8108, 8449, 9770, 9994, 6008, 7313, 8882, 1879, 5040, 5075, 54, 5545, 6799, 7011, 7402, 7842, 1292, 3481, 4246, 4578, 493, 5054, 5137, 589, 6950, 7144, 7535, 7658, 9537, 1341, 2128, 3871, 4470, 5037, 5468, 6472, 661, 85, 9455, 2422, 2707, 3634, 4356, 5258, 8653, 8723, 9254, 9777, 2364, 4227, 4726, 5721, 6481, 9097, 8140, 9422
2545, 123, 1951, 2415, 2709, 2828, 3566, 4307, 6381, 6824, 8453, 9124, 9902, 1208, 1507, 2674, 3039, 5213, 5248, 5323, 5499, 5792, 6014, 8478, 1504, 217, 2714, 2721, 3739, 5676, 5827, 6071, 6178, 640, 6606, 7700, 2812, 3846, 4065, 5992, 9109, 9660, 9822, 1919, 2095, 2288, 2617, 3386, 3508, 3715, 4435, 4875, 5252, 6042, 6169, 6639, 6730, 8729, 9498, 9887, 1617, 2861, 3242, 4571, 5828, 8315, 8852, 9015, 9675, 1907, 3079, 3655, 4346, 4535, 4830, 4939, 4975, 52, 5433, 6223, 6267, 7651, 7790, 8867, 9792, 2710, 4194, 5162, 8363, 8943, 1030, 1041, 2303, 2606, 2686, 2798, 3951, 4262, 4406, 4613, 468, 5346, 5870, 6660, 671, 8042, 8316, 886, 9841, 9852, 2113, 4573, 5251, 5963, 6632, 8476, 858, 1444, 1682, 1747, 2328, 2346, 249, 2650, 3745, 4098, 4133, 4344, 5079, 6838, 771, 9343, 1740, 1854, 2086, 329, 3733, 5050, 6037, 7629, 8109, 8181, 8383, 9102, 4218, 4580, 5998, 6771, 8038, 8777, 889, 9114, 2105, 3876, 4532, 5096, 5588, 5975, 6358, 6466, 7555, 9214, 9485, 1318, 1354, 3572, 7136, 7666, 8656, 8797, 9080, 9116, 9637, 9978, 2165, 3746, 3768, 4725, 6019, 6107, 6565, 2171, 5712, 9947, 4918, 1325, 409, 7363, 8065
142, 1865, 2327, 4927, 6330, 9915, 1442, 4034, 3454, 4528, 9611, 3438, 7504, 1860, 2173, 6313, 7021, 8363, 9478, 205, 4630, 6823, 1847, 8725, 9487, 373, 3945, 4386, 7400, 8117, 9338, 3731, 1721, 2669, 6539, 7385, 8519, 1270, 4938, 4974, 6020, 9285, 9630, 4001, 4346, 4579, 5899, 7721, 1665, 491, 8402, 9658, 9863, 425, 50, 109, 6381, 3822, 4588, 5583, 5918, 6182, 7035, 3663, 5261, 6123, 7771, 9892, 1952, 5185, 6791, 8443, 6723, 8871, 4258, 1805, 2109, 3072, 3906, 5728, 5795, 6, 8820, 9724, 3824, 4151, 4560, 5000, 6522, 3944, 2767
987, 4668, 4034, 4360, 768, 3520, 4828, 1233, 5273, 9660, 2046, 905, 531, 8816, 9395, 9940, 2034, 6005, 1740, 7399, 930, 4834, 4896, 5077, 6245, 6080, 7249, 1404, 3491, 5408, 7796, 4223, 7055, 9556, 291, 6529, 927, 4557, 5613, 8342, 8878, 9455, 5468, 6528, 1782, 550, 2835, 766, 9286, 2143, 2142, 3192, 526, 8760, 3784, 9197, 3271, 9264, 1287, 5474, 9975, 6434, 4413, 7012, 9767, 98, 3736, 6765, 5044
564, 3988, 7966, 2127, 8717, 7908, 113, 3215, 3554, 6428, 9363, 226, 8976, 9056, 1673, 5408, 3481, 673, 3751, 359, 9107, 766, 9167, 1761, 285, 4098, 6175, 1047, 3881, 9972, 1452, 6383, 9197, 9892, 2917, 185, 3544, 2871, 5728, 4443, 2110, 8517
2687, 2327, 3710, 5688, 3379, 9661, 5783, 6179, 6896, 9390, 3878, 5201, 6196, 8943, 7222, 7864, 2631, 2969, 7782, 9083, 9520, 7593, 1565, 3008, 6498, 7376, 6397, 8391, 3515, 3573, 6475, 5358, 5646, 5776, 6395, 898, 2352, 3795, 7265, 7373, 1573, 4246, 6414, 359, 8126, 8213, 1628, 36, 3819, 9141, 9365, 4765, 5537, 7034, 3853, 4078, 6836, 9529, 4815, 9892, 8443, 8511, 1304, 2859, 5995, 3582, 4487, 5361, 518, 6685, 3627, 1049, 4414, 3295, 1257, 4100
4665, 5667, 7966, 5198, 7941, 1484, 4924, 1502, 277, 9397, 1492, 2989, 9337, 8375, 1321, 9754, 1577, 3254, 398, 1882, 4351, 3627, 7568, 3280, 3293, 4384, 5408, 9866, 4337, 456, 7299, 7358, 9455, 2641, 4555, 3927, 2557, 4173, 4937, 9318, 4101, 3196, 5054, 7557
6578, 1245, 8839, 1714, 4924, 5831, 8612, 9844, 277, 2860, 9270, 6887, 9851, 2989, 5795, 8446, 2724, 6904, 3583, 1883, 686, 4401, 8247, 5279, 8819, 1823, 6135, 7089, 7535, 6033, 2421, 2973, 4337, 8647, 566, 7299, 3483, 419, 550, 7003, 1761, 50, 1826, 5093, 1047, 3540, 4445, 6383, 5062, 5833, 1286, 4881, 7247, 2898, 5213
8878, 123, 2143, 3351, 3728, 5270, 5397, 578, 691, 7306, 7513, 7805, 8422, 8484, 8570, 9168, 9902, 1172, 1635, 2168, 247, 2582, 2753, 2865, 3787, 3901, 4171, 5198, 5257, 526, 5367, 6308, 63, 6605, 7116, 7295, 7589, 768, 8269, 8373, 892, 8953, 1214, 1452, 1669, 3847, 4419, 4433, 4943, 6808, 6967, 7106, 7414, 7599, 7623, 7861, 7920, 8983, 9607, 2175, 2416, 2579, 308, 3132, 3998, 5747, 6553, 8465, 995, 1397, 1933, 2406, 299, 3148, 400, 4453, 4633, 4769, 538, 7324, 7791, 9807, 9869, 1353, 1894, 1991, 2381, 2617, 3027, 3342, 3386, 4101, 4268, 4295, 589, 6020, 6312, 6745, 6833, 7764, 7881, 8004, 8017, 8156, 9076, 9780, 1895, 2803, 3592, 3893, 4610, 5820, 5846, 7875, 8386, 8539, 9190, 9464, 9594, 1226, 1341, 1446, 1987, 2061, 2735, 2869, 3013, 3871, 3905, 4434, 4470, 4632, 4975, 5222, 5518, 5604, 5752, 6304, 7112, 7174, 7800, 8492, 85, 9015, 9110, 9455, 1746, 2080, 2909, 3304, 3568, 3599, 3708, 3753, 4510, 4569, 4675, 4738, 6273, 6, 8073, 8338, 1139, 1337, 1492, 1984, 3780, 3854, 3920, 4639, 5333, 5979, 7111, 745, 7551, 7652, 7685, 8051, 806, 837, 8837, 9113, 9478, 9588, 987, 1633, 3763, 4519, 4612, 4649, 533, 5417, 6229, 6463, 6557, 6683, 678, 7235, 7396, 8043, 8410, 8469, 9703, 1211, 14, 2315, 2517, 2768, 2900, 3107, 340, 3886, 4164, 4322, 4366, 4407, 6041, 7020, 7381, 7455, 7820, 8397, 9255, 9651, 9798, 9853, 2028, 2349, 3081, 440, 4426, 453, 4747, 5739, 5911, 6666, 7056, 8880, 9951, 1275, 1855, 3017, 3044, 4351, 4401, 4791, 4841, 5121, 5370, 5622, 5910, 6036, 6094, 6256, 7376, 9020, 9231, 9468, 3469, 3955, 4644, 4662, 4998, 5805, 5948, 6035, 6233, 68, 7313, 7906, 8392, 8929, 1035, 128, 18, 2759, 2777, 3257, 3301, 3969, 4137, 4241, 4999, 5242, 5408, 5725, 5949, 5974, 6621, 7011, 8025, 810, 8151, 9101, 9116, 6616, 5379, 416, 6289, 3775, 1589, 362, 3842, 5714, 937, 9105, 5860, 8245
