1, 1146, 13, 1570, 1714, 1823, 1990, 2090, 2154, 2184, 2246, 3194, 3254, 3796, 3881, 3889, 3945, 3972, 4002, 4588, 4811, 5153, 5208, 5613, 6057, 6129, 6159, 6635, 6659, 6978, 6983, 72, 7546, 769, 8283, 843, 8903, 9107, 9111, 9117, 919, 927, 9564, 9638, 9652, 9898, 9940, 9975, 2814, 1979
5, 1089, 1157, 121, 1564, 18, 185, 2027, 2127, 221, 2246, 3285, 3373, 3397, 3694, 3710, 3796, 3799, 382, 3967, 4053, 4161, 4249, 4445, 4502, 4729, 4755, 4802, 5083, 5103, 5187, 5368, 5396, 559, 5602, 5842, 5973, 5984, 6086, 6162, 6474, 6530, 6659, 6766, 6844, 6887, 6896, 6917, 7280, 7487, 7604, 7654, 768, 7948, 8481, 8533, 8642, 9358, 9390, 9807, 3634, 4137, 4662, 4960, 6710, 1728, 2228
30, 1146, 1278, 140, 1404, 1417, 1444, 1472, 1503, 1564, 1632, 1637, 1675, 1747, 1749, 18, 1805, 1854, 1888, 1950, 1980, 20, 2368, 2409, 2421, 2531, 2546, 2707, 2713, 2737, 274, 2762, 285, 2887, 300, 3110, 3137, 3326, 3369, 3530, 354, 373, 3819, 3944, 4265, 4379, 4384, 4426, 4445, 4853, 4974, 5007, 5320, 5330, 534, 552, 5838, 6000, 6072, 6086, 6110, 6162, 6534, 6783, 687, 6984, 7202, 7204, 7218, 7266, 730, 7355, 7406, 7706, 7808, 7809, 7917, 8136, 8286, 8308, 8425, 8612, 864, 8657, 873, 9030, 9072, 9080, 916, 9245, 9333, 9465, 9471, 9598, 9635, 9675, 970, 9789, 9889, 9920, 9640, 2937
600, 1173, 1221, 1304, 145, 1492, 1603, 1781, 2132, 2981, 3042, 3099, 3275, 344, 3638, 3816, 3917, 4069, 4267, 4617, 4625, 4729, 4835, 4879, 4950, 5000, 508, 5110, 5250, 5255, 5358, 6353, 6614, 6707, 6827, 7122, 7248, 7290, 7487, 7568, 7605, 7833, 8271, 8288, 8681, 8738, 8813, 8841, 9550, 963, 3326, 1341, 179, 251, 3634, 4493, 8583, 9994
5987, 1013, 1089, 118, 1217, 1293, 1373, 1402, 1617, 1632, 1694, 1780, 1888, 1915, 1988, 1990, 2011, 2089, 2103, 2116, 2148, 2337, 2524, 2551, 2567, 2634, 2861, 3018, 3019, 3027, 304, 3057, 3122, 3160, 3205, 3469, 3475, 3556, 3563, 3614, 3647, 366, 3671, 373, 3760, 3793, 3877, 3906, 4053, 4102, 4136, 4197, 426, 4311, 444, 4470, 4500, 4605, 4648, 4752, 4766, 4786, 4836, 4860, 4936, 4937, 4955, 503, 5087, 5136, 5210, 5366, 537, 5396, 54, 5479, 5482, 554, 5640, 5813, 5839, 5929, 5962, 5969, 6103, 6240, 633, 6400, 6509, 6687, 6753, 6766, 6869, 6913, 7059, 7115, 7155, 7203, 7280, 7298, 7309, 7322, 7355, 7377, 7402, 7431, 746, 7496, 7654, 7739, 7748, 7802, 7863, 7961, 8022, 8032, 8184, 8433, 8542, 8598, 8632, 8642, 8766, 886, 887, 8947, 8993, 9088, 914, 9214, 9330, 9335, 935, 9523, 9530, 9551, 9563, 9578, 9667, 9718, 9739, 9826, 983, 9887, 9899, 9971, 1583, 2298, 4233, 7935, 8089, 8151, 9188, 961, 9928, 7343
9999, 1025, 1220, 1373, 1397, 1552, 1599, 1689, 2337, 2469, 2551, 2604, 3253, 3582, 3826, 3856, 3988, 4078, 4166, 4173, 419, 4210, 4529, 4667, 476, 4781, 5548, 5725, 5904, 5918, 6045, 6083, 6089, 6135, 6161, 6288, 6479, 6710, 6766, 6826, 6917, 6970, 7158, 747, 766, 7681, 7781, 7808, 796, 8161, 8642, 892, 8939, 8961, 9030, 9035, 9197, 9256, 9330, 9597, 9605, 983, 1616, 25, 6558, 6740, 935, 9713, 5813
1432, 1292, 1341, 1357, 1358, 1381, 1446, 1492, 1752, 1778, 1879, 2023, 2098, 2128, 2341, 2364, 2411, 2422, 2600, 2707, 2723, 2746, 2814, 2958, 3185, 321, 3219, 3231, 3272, 3467, 3481, 3634, 3742, 3871, 3902, 3927, 4101, 4152, 4189, 4215, 4227, 4246, 4255, 4356, 4386, 4470, 4503, 4575, 4578, 4624, 4637, 4655, 4726, 4755, 4896, 4921, 493, 5037, 5040, 5054, 5075, 5077, 5137, 5198, 5258, 5355, 54, 5404, 5468, 5545, 5721, 589, 5968, 6008, 6129, 6299, 635, 6455, 6472, 6481, 661, 6778, 6799, 6869, 6950, 7011, 7144, 7313, 7402, 7535, 760, 7658, 7700, 7701, 772, 777, 781, 7842, 7904, 796, 7963, 8032, 8108, 8174, 8306, 8443, 8449, 8482, 8492, 85, 8515, 8653, 8698, 8723, 8848, 8864, 8882, 9066, 9097, 9200, 9254, 9318, 9455, 9537, 9615, 9770, 9777, 9890, 9943, 9994, 8140, 9422
2545, 1030, 1041, 1208, 123, 1318, 1354, 1444, 1504, 1507, 1617, 1682, 1740, 1747, 1854, 1907, 1919, 1951, 2086, 2095, 2105, 2113, 2165, 217, 2288, 2303, 2328, 2346, 2415, 249, 2606, 2617, 2650, 2674, 2686, 2709, 2710, 2714, 2721, 2798, 2812, 2828, 2861, 3039, 3079, 3242, 329, 3386, 3508, 3566, 3572, 3655, 3715, 3733, 3739, 3745, 3746, 3768, 3846, 3876, 3951, 4065, 4098, 4133, 4194, 4218, 4262, 4307, 4344, 4346, 4406, 4435, 4532, 4535, 4571, 4573, 4580, 4613, 468, 4725, 4830, 4875, 4939, 4975, 5050, 5079, 5096, 5162, 52, 5213, 5248, 5251, 5252, 5323, 5346, 5433, 5499, 5588, 5676, 5792, 5827, 5828, 5870, 5963, 5975, 5992, 5998, 6014, 6019, 6037, 6042, 6071, 6107, 6169, 6178, 6223, 6267, 6358, 6381, 640, 6466, 6565, 6606, 6632, 6639, 6660, 671, 6730, 6771, 6824, 6838, 7136, 7555, 7629, 7651, 7666, 7700, 771, 7790, 8038, 8042, 8109, 8181, 8315, 8316, 8363, 8383, 8453, 8476, 8478, 858, 8656, 8729, 8777, 8797, 8852, 886, 8867, 889, 8943, 9015, 9080, 9102, 9109, 9114, 9116, 9124, 9214, 9343, 9485, 9498, 9637, 9660, 9675, 9792, 9822, 9841, 9852, 9887, 9902, 9978, 2171, 5712, 1325, 409, 4918, 7363, 8065, 9947
142, 109, 1270, 1442, 1665, 1721, 1805, 1847, 1860, 1865, 1952, 205, 2109, 2173, 2327, 2669, 3072, 3438, 3454, 3663, 373, 3731, 3822, 3824, 3906, 3945, 4001, 4034, 4151, 425, 4258, 4346, 4386, 4528, 4560, 4579, 4588, 4630, 491, 4927, 4938, 4974, 50, 5000, 5185, 5261, 5583, 5728, 5795, 5899, 5918, 6, 6020, 6123, 6182, 6313, 6330, 6381, 6522, 6539, 6723, 6791, 6823, 7021, 7035, 7385, 7400, 7504, 7721, 7771, 8117, 8363, 8402, 8443, 8519, 8725, 8820, 8871, 9285, 9338, 9478, 9487, 9611, 9630, 9658, 9724, 9863, 9892, 9915, 3944, 2767
987, 1233, 1287, 1404, 1740, 1782, 2034, 2046, 2142, 2143, 2835, 291, 3192, 3271, 3491, 3520, 3784, 4034, 4223, 4360, 4413, 4557, 4668, 4828, 4834, 4896, 5077, 526, 5273, 531, 5408, 5468, 5474, 550, 5613, 6005, 6080, 6245, 6434, 6528, 6529, 7012, 7055, 7249, 7399, 766, 768, 7796, 8342, 8760, 8816, 8878, 905, 9197, 9264, 927, 9286, 930, 9395, 9455, 9556, 9660, 9940, 9975, 9767, 98, 3736, 5044, 6765
564, 1047, 113, 1452, 1673, 1761, 185, 2127, 226, 285, 2871, 2917, 3215, 3481, 3544, 3554, 359, 3751, 3881, 3988, 4098, 4443, 5408, 5728, 6175, 6383, 6428, 673, 766, 7908, 7966, 8717, 8976, 9056, 9107, 9167, 9197, 9363, 9892, 9972, 2110, 8517
2687, 1304, 1565, 1573, 1628, 2327, 2352, 2631, 2859, 2969, 3008, 3379, 3515, 3573, 3582, 359, 36, 3710, 3795, 3819, 3853, 3878, 4078, 4246, 4487, 4765, 4815, 5201, 5358, 5361, 5537, 5646, 5688, 5776, 5783, 5995, 6179, 6196, 6395, 6397, 6414, 6475, 6498, 6836, 6896, 7034, 7222, 7265, 7373, 7376, 7593, 7782, 7864, 8126, 8213, 8391, 8443, 8511, 8943, 898, 9083, 9141, 9365, 9390, 9520, 9529, 9661, 9892, 1049, 3627, 4414, 518, 6685, 1257, 3295, 4100
4665, 1321, 1484, 1492, 1502, 1577, 1882, 2557, 2641, 277, 2989, 3196, 3254, 3280, 3293, 3627, 3927, 398, 4101, 4173, 4337, 4351, 4384, 4555, 456, 4924, 4937, 5198, 5408, 5667, 7299, 7358, 7568, 7941, 7966, 8375, 9318, 9337, 9397, 9455, 9754, 9866, 5054, 7557
6578, 1047, 1245, 1714, 1761, 1823, 1826, 1883, 2421, 2724, 277, 2860, 2973, 2989, 3483, 3540, 3583, 419, 4337, 4401, 4445, 4924, 50, 5062, 5093, 5279, 550, 566, 5795, 5831, 6033, 6135, 6383, 686, 6887, 6904, 7003, 7089, 7299, 7535, 8247, 8446, 8612, 8647, 8819, 8839, 9270, 9844, 9851, 1286, 4881, 5833, 7247, 2898, 5213
8878, 1035, 1139, 1172, 1211, 1214, 1226, 123, 1275, 128, 1337, 1341, 1353, 1397, 14, 1446, 1452, 1492, 1633, 1635, 1669, 1746, 18, 1855, 1894, 1895, 1933, 1984, 1987, 1991, 2028, 2061, 2080, 2143, 2168, 2175, 2315, 2349, 2381, 2406, 2416, 247, 2517, 2579, 2582, 2617, 2735, 2753, 2759, 2768, 2777, 2803, 2865, 2869, 2900, 2909, 299, 3013, 3017, 3027, 3044, 308, 3081, 3107, 3132, 3148, 3257, 3301, 3304, 3342, 3351, 3386, 340, 3469, 3568, 3592, 3599, 3708, 3728, 3753, 3763, 3780, 3787, 3847, 3854, 3871, 3886, 3893, 3901, 3905, 3920, 3955, 3969, 3998, 400, 4101, 4137, 4164, 4171, 4241, 4268, 4295, 4322, 4351, 4366, 440, 4401, 4407, 4419, 4426, 4433, 4434, 4453, 4470, 4510, 4519, 453, 4569, 4610, 4612, 4632, 4633, 4639, 4644, 4649, 4662, 4675, 4738, 4747, 4769, 4791, 4841, 4943, 4975, 4998, 4999, 5121, 5198, 5222, 5242, 5257, 526, 5270, 533, 5333, 5367, 5370, 538, 5397, 5408, 5417, 5518, 5604, 5622, 5725, 5739, 5747, 5752, 578, 5805, 5820, 5846, 589, 5910, 5911, 5948, 5949, 5974, 5979, 6, 6020, 6035, 6036, 6041, 6094, 6229, 6233, 6256, 6273, 63, 6304, 6308, 6312, 6463, 6553, 6557, 6605, 6621, 6666, 6683, 6745, 678, 68, 6808, 6833, 691, 6967, 7011, 7020, 7056, 7106, 7111, 7112, 7116, 7174, 7235, 7295, 7306, 7313, 7324, 7376, 7381, 7396, 7414, 745, 7455, 7513, 7551, 7589, 7599, 7623, 7652, 768, 7685, 7764, 7791, 7800, 7805, 7820, 7861, 7875, 7881, 7906, 7920, 8004, 8017, 8025, 8043, 8051, 806, 8073, 810, 8151, 8156, 8269, 8338, 837, 8373, 8386, 8392, 8397, 8410, 8422, 8465, 8469, 8484, 8492, 85, 8539, 8570, 8837, 8880, 892, 8929, 8953, 8983, 9015, 9020, 9076, 9101, 9110, 9113, 9116, 9168, 9190, 9231, 9255, 9455, 9464, 9468, 9478, 9588, 9594, 9607, 9651, 9703, 9780, 9798, 9807, 9853, 9869, 987, 9902, 995, 9951, 6616, 1589, 362, 3775, 3842, 416, 5379, 5714, 5860, 6289, 8245, 9105, 937
